3
3
18 15 19
3
23 26 20
22 24 21
21 22 17
10
16 17 18 19 20 21 22 23 24 25
10
33 35 37 39 41 34 36 38 40 42
32 33 34 35 36 37 38 39 40 41
41 40 39 38 37 36 35 34 33 32
20 21 22 23 24 25 26 27 28 29
29 28 27 26 25 24 23 22 21 20
33 34 35 36 37 38 39 40 41 42
42 41 40 39 38 37 36 35 34 33
30 31 32 33 34 35 36 37 38 39
39 38 37 34 35 33 36 30 31 32
37 42 39 40 38 35 34 33 41 43
10
16000 17000 18000 19000 20000 21000 22000 23000 24000 25000
10
33000 35000 37000 39000 41000 34000 36000 38000 40000 42000
32000 33000 34000 35000 36000 37000 38000 39000 40000 41000
41000 40000 39000 38000 37000 36000 35000 34000 33000 32000
20000 21000 22000 23000 24000 25000 26000 27000 28000 29000
29000 28000 27000 26000 25000 24000 23000 22000 21000 20000
33000 34000 35000 36000 37000 38000 39000 40000 41000 42000
42000 41000 40000 39000 38000 37000 36000 35000 34000 33000
30000 31000 32000 33000 34000 35000 36000 37000 38000 39000
39000 38000 37000 34000 35000 33000 36000 30000 31000 32000
37000 42000 39000 40000 38000 35000 34000 33000 41000 43000