2
3
180000 150000 190000
3
230000 260000 200000
220000 240000 210000
210000 220000 170000
10
160000 170000 180000 190000 200000 210000 220000 230000 240000 250000
10
330000 350000 370000 390000 410000 340000 360000 380000 400000 420000
320000 330000 340000 350000 360000 370000 380000 390000 400000 410000
410000 400000 390000 380000 370000 360000 350000 340000 330000 320000
200000 210000 220000 230000 240000 250000 260000 270000 280000 290000
290000 280000 270000 260000 250000 240000 230000 220000 210000 200000
330000 340000 350000 360000 370000 380000 390000 400000 410000 420000
420000 410000 400000 390000 380000 370000 360000 350000 340000 330000
300000 310000 320000 330000 340000 350000 360000 370000 380000 390000
390000 380000 370000 340000 350000 330000 360000 300000 310000 320000
370000 420000 390000 400000 380000 350000 340000 330000 410000 430000
